0,433
30,3
60,35
30,1
30,4
29,4
29,5
28,5
29,1
29,3
28,1
28,3
34,4
26,4
26,1
26,3
25,4
25,1
25,3
34,7
34,6
34,13
34,12
34,5
34,1
34,86
34,3
14,4
10,234
10,300
10,110
10,240
10,178
10,24
11,14
11,10
11,8
11,21
11,24
11,4
11,5
8,11
12,2
12,1
12,3
20,2
20,1
20,3
19,2
18,1
18,3
36,9
36,8
36,7
36,6
14,1
36,5
36,4
36,3
14,5
36,2
14,3
36,1
36,0
35,5
35,4
35,3
35,1
34,167
34,166
34,165
34,164
34,163
34,162
34,161
34,160
34,159
34,158
34,157
34,156
34,155
34,154
34,153
34,152
34,151
34,150
34,149
34,148
34,147
34,146
34,145
34,144
34,143
34,142
34,141
34,140
34,139
34,138
34,137
34,136
34,135
34,134
34,133
34,132
34,131
34,130
34,129
34,128
34,127
34,126
34,125
34,124
34,123
34,122
34,121
34,120
34,119
34,118
34,117
34,116
34,115
34,114
34,113
34,112
34,111
34,110
34,109
34,108
34,107
